# columns = ['i', 'j', 'delay', 'weight']
0.0	0.0	1.0	0.25
1.0	0.0	1.0	0.25
2.0	1.0	1.0	0.25
3.0	1.0	1.0	0.25
4.0	2.0	1.0	0.25
5.0	2.0	1.0	0.25
6.0	3.0	1.0	0.25
7.0	3.0	1.0	0.25
8.0	0.0	1.0	0.25
9.0	0.0	1.0	0.25
10.0	1.0	1.0	0.25
11.0	1.0	1.0	0.25
12.0	2.0	1.0	0.25
13.0	2.0	1.0	0.25
14.0	3.0	1.0	0.25
15.0	3.0	1.0	0.25
16.0	4.0	1.0	0.25
17.0	4.0	1.0	0.25
18.0	5.0	1.0	0.25
19.0	5.0	1.0	0.25
20.0	6.0	1.0	0.25
21.0	6.0	1.0	0.25
22.0	7.0	1.0	0.25
23.0	7.0	1.0	0.25
24.0	4.0	1.0	0.25
25.0	4.0	1.0	0.25
26.0	5.0	1.0	0.25
27.0	5.0	1.0	0.25
28.0	6.0	1.0	0.25
29.0	6.0	1.0	0.25
30.0	7.0	1.0	0.25
31.0	7.0	1.0	0.25
32.0	8.0	1.0	0.25
33.0	8.0	1.0	0.25
34.0	9.0	1.0	0.25
35.0	9.0	1.0	0.25
36.0	10.0	1.0	0.25
37.0	10.0	1.0	0.25
38.0	11.0	1.0	0.25
39.0	11.0	1.0	0.25
40.0	8.0	1.0	0.25
41.0	8.0	1.0	0.25
42.0	9.0	1.0	0.25
43.0	9.0	1.0	0.25
44.0	10.0	1.0	0.25
45.0	10.0	1.0	0.25
46.0	11.0	1.0	0.25
47.0	11.0	1.0	0.25
48.0	12.0	1.0	0.25
49.0	12.0	1.0	0.25
50.0	13.0	1.0	0.25
51.0	13.0	1.0	0.25
52.0	14.0	1.0	0.25
53.0	14.0	1.0	0.25
54.0	15.0	1.0	0.25
55.0	15.0	1.0	0.25
56.0	12.0	1.0	0.25
57.0	12.0	1.0	0.25
58.0	13.0	1.0	0.25
59.0	13.0	1.0	0.25
60.0	14.0	1.0	0.25
61.0	14.0	1.0	0.25
62.0	15.0	1.0	0.25
63.0	15.0	1.0	0.25
64.0	16.0	1.0	0.25
65.0	16.0	1.0	0.25
66.0	17.0	1.0	0.25
67.0	17.0	1.0	0.25
68.0	18.0	1.0	0.25
69.0	18.0	1.0	0.25
70.0	19.0	1.0	0.25
71.0	19.0	1.0	0.25
72.0	16.0	1.0	0.25
73.0	16.0	1.0	0.25
74.0	17.0	1.0	0.25
75.0	17.0	1.0	0.25
76.0	18.0	1.0	0.25
77.0	18.0	1.0	0.25
78.0	19.0	1.0	0.25
79.0	19.0	1.0	0.25
80.0	20.0	1.0	0.25
81.0	20.0	1.0	0.25
82.0	21.0	1.0	0.25
83.0	21.0	1.0	0.25
84.0	22.0	1.0	0.25
85.0	22.0	1.0	0.25
86.0	23.0	1.0	0.25
87.0	23.0	1.0	0.25
88.0	20.0	1.0	0.25
89.0	20.0	1.0	0.25
90.0	21.0	1.0	0.25
91.0	21.0	1.0	0.25
92.0	22.0	1.0	0.25
93.0	22.0	1.0	0.25
94.0	23.0	1.0	0.25
95.0	23.0	1.0	0.25
96.0	24.0	1.0	0.25
97.0	24.0	1.0	0.25
98.0	25.0	1.0	0.25
99.0	25.0	1.0	0.25
100.0	26.0	1.0	0.25
101.0	26.0	1.0	0.25
102.0	27.0	1.0	0.25
103.0	27.0	1.0	0.25
104.0	24.0	1.0	0.25
105.0	24.0	1.0	0.25
106.0	25.0	1.0	0.25
107.0	25.0	1.0	0.25
108.0	26.0	1.0	0.25
109.0	26.0	1.0	0.25
110.0	27.0	1.0	0.25
111.0	27.0	1.0	0.25
112.0	28.0	1.0	0.25
113.0	28.0	1.0	0.25
114.0	29.0	1.0	0.25
115.0	29.0	1.0	0.25
116.0	30.0	1.0	0.25
117.0	30.0	1.0	0.25
118.0	31.0	1.0	0.25
119.0	31.0	1.0	0.25
120.0	28.0	1.0	0.25
121.0	28.0	1.0	0.25
122.0	29.0	1.0	0.25
123.0	29.0	1.0	0.25
124.0	30.0	1.0	0.25
125.0	30.0	1.0	0.25
126.0	31.0	1.0	0.25
127.0	31.0	1.0	0.25
128.0	32.0	1.0	0.25
129.0	32.0	1.0	0.25
130.0	33.0	1.0	0.25
131.0	33.0	1.0	0.25
132.0	34.0	1.0	0.25
133.0	34.0	1.0	0.25
134.0	35.0	1.0	0.25
135.0	35.0	1.0	0.25
136.0	32.0	1.0	0.25
137.0	32.0	1.0	0.25
138.0	33.0	1.0	0.25
139.0	33.0	1.0	0.25
140.0	34.0	1.0	0.25
141.0	34.0	1.0	0.25
142.0	35.0	1.0	0.25
143.0	35.0	1.0	0.25
144.0	36.0	1.0	0.25
145.0	36.0	1.0	0.25
146.0	37.0	1.0	0.25
147.0	37.0	1.0	0.25
148.0	38.0	1.0	0.25
149.0	38.0	1.0	0.25
150.0	39.0	1.0	0.25
151.0	39.0	1.0	0.25
152.0	36.0	1.0	0.25
153.0	36.0	1.0	0.25
154.0	37.0	1.0	0.25
155.0	37.0	1.0	0.25
156.0	38.0	1.0	0.25
157.0	38.0	1.0	0.25
158.0	39.0	1.0	0.25
159.0	39.0	1.0	0.25
160.0	40.0	1.0	0.25
161.0	40.0	1.0	0.25
162.0	41.0	1.0	0.25
163.0	41.0	1.0	0.25
164.0	42.0	1.0	0.25
165.0	42.0	1.0	0.25
166.0	43.0	1.0	0.25
167.0	43.0	1.0	0.25
168.0	40.0	1.0	0.25
169.0	40.0	1.0	0.25
170.0	41.0	1.0	0.25
171.0	41.0	1.0	0.25
172.0	42.0	1.0	0.25
173.0	42.0	1.0	0.25
174.0	43.0	1.0	0.25
175.0	43.0	1.0	0.25
176.0	44.0	1.0	0.25
177.0	44.0	1.0	0.25
178.0	45.0	1.0	0.25
179.0	45.0	1.0	0.25
180.0	46.0	1.0	0.25
181.0	46.0	1.0	0.25
182.0	47.0	1.0	0.25
183.0	47.0	1.0	0.25
184.0	44.0	1.0	0.25
185.0	44.0	1.0	0.25
186.0	45.0	1.0	0.25
187.0	45.0	1.0	0.25
188.0	46.0	1.0	0.25
189.0	46.0	1.0	0.25
190.0	47.0	1.0	0.25
191.0	47.0	1.0	0.25
192.0	48.0	1.0	0.25
193.0	48.0	1.0	0.25
194.0	49.0	1.0	0.25
195.0	49.0	1.0	0.25
196.0	50.0	1.0	0.25
197.0	50.0	1.0	0.25
198.0	51.0	1.0	0.25
199.0	51.0	1.0	0.25
200.0	48.0	1.0	0.25
201.0	48.0	1.0	0.25
202.0	49.0	1.0	0.25
203.0	49.0	1.0	0.25
204.0	50.0	1.0	0.25
205.0	50.0	1.0	0.25
206.0	51.0	1.0	0.25
207.0	51.0	1.0	0.25
208.0	52.0	1.0	0.25
209.0	52.0	1.0	0.25
210.0	53.0	1.0	0.25
211.0	53.0	1.0	0.25
212.0	54.0	1.0	0.25
213.0	54.0	1.0	0.25
214.0	55.0	1.0	0.25
215.0	55.0	1.0	0.25
216.0	52.0	1.0	0.25
217.0	52.0	1.0	0.25
218.0	53.0	1.0	0.25
219.0	53.0	1.0	0.25
220.0	54.0	1.0	0.25
221.0	54.0	1.0	0.25
222.0	55.0	1.0	0.25
223.0	55.0	1.0	0.25
224.0	56.0	1.0	0.25
225.0	56.0	1.0	0.25
226.0	57.0	1.0	0.25
227.0	57.0	1.0	0.25
228.0	58.0	1.0	0.25
229.0	58.0	1.0	0.25
230.0	59.0	1.0	0.25
231.0	59.0	1.0	0.25
232.0	56.0	1.0	0.25
233.0	56.0	1.0	0.25
234.0	57.0	1.0	0.25
235.0	57.0	1.0	0.25
236.0	58.0	1.0	0.25
237.0	58.0	1.0	0.25
238.0	59.0	1.0	0.25
239.0	59.0	1.0	0.25
240.0	60.0	1.0	0.25
241.0	60.0	1.0	0.25
242.0	61.0	1.0	0.25
243.0	61.0	1.0	0.25
244.0	62.0	1.0	0.25
245.0	62.0	1.0	0.25
246.0	63.0	1.0	0.25
247.0	63.0	1.0	0.25
248.0	60.0	1.0	0.25
249.0	60.0	1.0	0.25
250.0	61.0	1.0	0.25
251.0	61.0	1.0	0.25
252.0	62.0	1.0	0.25
253.0	62.0	1.0	0.25
254.0	63.0	1.0	0.25
255.0	63.0	1.0	0.25
256.0	64.0	1.0	0.25
257.0	64.0	1.0	0.25
258.0	65.0	1.0	0.25
259.0	65.0	1.0	0.25
260.0	66.0	1.0	0.25
261.0	66.0	1.0	0.25
262.0	67.0	1.0	0.25
263.0	67.0	1.0	0.25
264.0	64.0	1.0	0.25
265.0	64.0	1.0	0.25
266.0	65.0	1.0	0.25
267.0	65.0	1.0	0.25
268.0	66.0	1.0	0.25
269.0	66.0	1.0	0.25
270.0	67.0	1.0	0.25
271.0	67.0	1.0	0.25
272.0	68.0	1.0	0.25
273.0	68.0	1.0	0.25
274.0	69.0	1.0	0.25
275.0	69.0	1.0	0.25
276.0	70.0	1.0	0.25
277.0	70.0	1.0	0.25
278.0	71.0	1.0	0.25
279.0	71.0	1.0	0.25
280.0	68.0	1.0	0.25
281.0	68.0	1.0	0.25
282.0	69.0	1.0	0.25
283.0	69.0	1.0	0.25
284.0	70.0	1.0	0.25
285.0	70.0	1.0	0.25
286.0	71.0	1.0	0.25
287.0	71.0	1.0	0.25
288.0	72.0	1.0	0.25
289.0	72.0	1.0	0.25
290.0	73.0	1.0	0.25
291.0	73.0	1.0	0.25
292.0	74.0	1.0	0.25
293.0	74.0	1.0	0.25
294.0	75.0	1.0	0.25
295.0	75.0	1.0	0.25
296.0	72.0	1.0	0.25
297.0	72.0	1.0	0.25
298.0	73.0	1.0	0.25
299.0	73.0	1.0	0.25
300.0	74.0	1.0	0.25
301.0	74.0	1.0	0.25
302.0	75.0	1.0	0.25
303.0	75.0	1.0	0.25
304.0	76.0	1.0	0.25
305.0	76.0	1.0	0.25
306.0	77.0	1.0	0.25
307.0	77.0	1.0	0.25
308.0	78.0	1.0	0.25
309.0	78.0	1.0	0.25
310.0	79.0	1.0	0.25
311.0	79.0	1.0	0.25
312.0	76.0	1.0	0.25
313.0	76.0	1.0	0.25
314.0	77.0	1.0	0.25
315.0	77.0	1.0	0.25
316.0	78.0	1.0	0.25
317.0	78.0	1.0	0.25
318.0	79.0	1.0	0.25
319.0	79.0	1.0	0.25
320.0	80.0	1.0	0.25
321.0	80.0	1.0	0.25
322.0	81.0	1.0	0.25
323.0	81.0	1.0	0.25
324.0	82.0	1.0	0.25
325.0	82.0	1.0	0.25
326.0	83.0	1.0	0.25
327.0	83.0	1.0	0.25
328.0	80.0	1.0	0.25
329.0	80.0	1.0	0.25
330.0	81.0	1.0	0.25
331.0	81.0	1.0	0.25
332.0	82.0	1.0	0.25
333.0	82.0	1.0	0.25
334.0	83.0	1.0	0.25
335.0	83.0	1.0	0.25
336.0	84.0	1.0	0.25
337.0	84.0	1.0	0.25
338.0	85.0	1.0	0.25
339.0	85.0	1.0	0.25
340.0	86.0	1.0	0.25
341.0	86.0	1.0	0.25
342.0	87.0	1.0	0.25
343.0	87.0	1.0	0.25
344.0	84.0	1.0	0.25
345.0	84.0	1.0	0.25
346.0	85.0	1.0	0.25
347.0	85.0	1.0	0.25
348.0	86.0	1.0	0.25
349.0	86.0	1.0	0.25
350.0	87.0	1.0	0.25
351.0	87.0	1.0	0.25
352.0	88.0	1.0	0.25
353.0	88.0	1.0	0.25
354.0	89.0	1.0	0.25
355.0	89.0	1.0	0.25
356.0	90.0	1.0	0.25
357.0	90.0	1.0	0.25
358.0	91.0	1.0	0.25
359.0	91.0	1.0	0.25
360.0	88.0	1.0	0.25
361.0	88.0	1.0	0.25
362.0	89.0	1.0	0.25
363.0	89.0	1.0	0.25
364.0	90.0	1.0	0.25
365.0	90.0	1.0	0.25
366.0	91.0	1.0	0.25
367.0	91.0	1.0	0.25
368.0	92.0	1.0	0.25
369.0	92.0	1.0	0.25
370.0	93.0	1.0	0.25
371.0	93.0	1.0	0.25
372.0	94.0	1.0	0.25
373.0	94.0	1.0	0.25
374.0	95.0	1.0	0.25
375.0	95.0	1.0	0.25
376.0	92.0	1.0	0.25
377.0	92.0	1.0	0.25
378.0	93.0	1.0	0.25
379.0	93.0	1.0	0.25
380.0	94.0	1.0	0.25
381.0	94.0	1.0	0.25
382.0	95.0	1.0	0.25
383.0	95.0	1.0	0.25
384.0	96.0	1.0	0.25
385.0	96.0	1.0	0.25
386.0	97.0	1.0	0.25
387.0	97.0	1.0	0.25
388.0	98.0	1.0	0.25
389.0	98.0	1.0	0.25
390.0	99.0	1.0	0.25
391.0	99.0	1.0	0.25
392.0	96.0	1.0	0.25
393.0	96.0	1.0	0.25
394.0	97.0	1.0	0.25
395.0	97.0	1.0	0.25
396.0	98.0	1.0	0.25
397.0	98.0	1.0	0.25
398.0	99.0	1.0	0.25
399.0	99.0	1.0	0.25
400.0	100.0	1.0	0.25
401.0	100.0	1.0	0.25
402.0	101.0	1.0	0.25
403.0	101.0	1.0	0.25
404.0	102.0	1.0	0.25
405.0	102.0	1.0	0.25
406.0	103.0	1.0	0.25
407.0	103.0	1.0	0.25
408.0	100.0	1.0	0.25
409.0	100.0	1.0	0.25
410.0	101.0	1.0	0.25
411.0	101.0	1.0	0.25
412.0	102.0	1.0	0.25
413.0	102.0	1.0	0.25
414.0	103.0	1.0	0.25
415.0	103.0	1.0	0.25
416.0	104.0	1.0	0.25
417.0	104.0	1.0	0.25
418.0	105.0	1.0	0.25
419.0	105.0	1.0	0.25
420.0	106.0	1.0	0.25
421.0	106.0	1.0	0.25
422.0	107.0	1.0	0.25
423.0	107.0	1.0	0.25
424.0	104.0	1.0	0.25
425.0	104.0	1.0	0.25
426.0	105.0	1.0	0.25
427.0	105.0	1.0	0.25
428.0	106.0	1.0	0.25
429.0	106.0	1.0	0.25
430.0	107.0	1.0	0.25
431.0	107.0	1.0	0.25
432.0	108.0	1.0	0.25
433.0	108.0	1.0	0.25
434.0	109.0	1.0	0.25
435.0	109.0	1.0	0.25
436.0	110.0	1.0	0.25
437.0	110.0	1.0	0.25
438.0	111.0	1.0	0.25
439.0	111.0	1.0	0.25
440.0	108.0	1.0	0.25
441.0	108.0	1.0	0.25
442.0	109.0	1.0	0.25
443.0	109.0	1.0	0.25
444.0	110.0	1.0	0.25
445.0	110.0	1.0	0.25
446.0	111.0	1.0	0.25
447.0	111.0	1.0	0.25
448.0	112.0	1.0	0.25
449.0	112.0	1.0	0.25
450.0	113.0	1.0	0.25
451.0	113.0	1.0	0.25
452.0	114.0	1.0	0.25
453.0	114.0	1.0	0.25
454.0	115.0	1.0	0.25
455.0	115.0	1.0	0.25
456.0	112.0	1.0	0.25
457.0	112.0	1.0	0.25
458.0	113.0	1.0	0.25
459.0	113.0	1.0	0.25
460.0	114.0	1.0	0.25
461.0	114.0	1.0	0.25
462.0	115.0	1.0	0.25
463.0	115.0	1.0	0.25
464.0	116.0	1.0	0.25
465.0	116.0	1.0	0.25
466.0	117.0	1.0	0.25
467.0	117.0	1.0	0.25
468.0	118.0	1.0	0.25
469.0	118.0	1.0	0.25
470.0	119.0	1.0	0.25
471.0	119.0	1.0	0.25
472.0	116.0	1.0	0.25
473.0	116.0	1.0	0.25
474.0	117.0	1.0	0.25
475.0	117.0	1.0	0.25
476.0	118.0	1.0	0.25
477.0	118.0	1.0	0.25
478.0	119.0	1.0	0.25
479.0	119.0	1.0	0.25
480.0	120.0	1.0	0.25
481.0	120.0	1.0	0.25
482.0	121.0	1.0	0.25
483.0	121.0	1.0	0.25
484.0	122.0	1.0	0.25
485.0	122.0	1.0	0.25
486.0	123.0	1.0	0.25
487.0	123.0	1.0	0.25
488.0	120.0	1.0	0.25
489.0	120.0	1.0	0.25
490.0	121.0	1.0	0.25
491.0	121.0	1.0	0.25
492.0	122.0	1.0	0.25
493.0	122.0	1.0	0.25
494.0	123.0	1.0	0.25
495.0	123.0	1.0	0.25
496.0	124.0	1.0	0.25
497.0	124.0	1.0	0.25
498.0	125.0	1.0	0.25
499.0	125.0	1.0	0.25
500.0	126.0	1.0	0.25
501.0	126.0	1.0	0.25
502.0	127.0	1.0	0.25
503.0	127.0	1.0	0.25
504.0	124.0	1.0	0.25
505.0	124.0	1.0	0.25
506.0	125.0	1.0	0.25
507.0	125.0	1.0	0.25
508.0	126.0	1.0	0.25
509.0	126.0	1.0	0.25
510.0	127.0	1.0	0.25
511.0	127.0	1.0	0.25
512.0	128.0	1.0	0.25
513.0	128.0	1.0	0.25
514.0	129.0	1.0	0.25
515.0	129.0	1.0	0.25
516.0	130.0	1.0	0.25
517.0	130.0	1.0	0.25
518.0	131.0	1.0	0.25
519.0	131.0	1.0	0.25
520.0	128.0	1.0	0.25
521.0	128.0	1.0	0.25
522.0	129.0	1.0	0.25
523.0	129.0	1.0	0.25
524.0	130.0	1.0	0.25
525.0	130.0	1.0	0.25
526.0	131.0	1.0	0.25
527.0	131.0	1.0	0.25
528.0	132.0	1.0	0.25
529.0	132.0	1.0	0.25
530.0	133.0	1.0	0.25
531.0	133.0	1.0	0.25
532.0	134.0	1.0	0.25
533.0	134.0	1.0	0.25
534.0	135.0	1.0	0.25
535.0	135.0	1.0	0.25
536.0	132.0	1.0	0.25
537.0	132.0	1.0	0.25
538.0	133.0	1.0	0.25
539.0	133.0	1.0	0.25
540.0	134.0	1.0	0.25
541.0	134.0	1.0	0.25
542.0	135.0	1.0	0.25
543.0	135.0	1.0	0.25
544.0	136.0	1.0	0.25
545.0	136.0	1.0	0.25
546.0	137.0	1.0	0.25
547.0	137.0	1.0	0.25
548.0	138.0	1.0	0.25
549.0	138.0	1.0	0.25
550.0	139.0	1.0	0.25
551.0	139.0	1.0	0.25
552.0	136.0	1.0	0.25
553.0	136.0	1.0	0.25
554.0	137.0	1.0	0.25
555.0	137.0	1.0	0.25
556.0	138.0	1.0	0.25
557.0	138.0	1.0	0.25
558.0	139.0	1.0	0.25
559.0	139.0	1.0	0.25
560.0	140.0	1.0	0.25
561.0	140.0	1.0	0.25
562.0	141.0	1.0	0.25
563.0	141.0	1.0	0.25
564.0	142.0	1.0	0.25
565.0	142.0	1.0	0.25
566.0	143.0	1.0	0.25
567.0	143.0	1.0	0.25
568.0	140.0	1.0	0.25
569.0	140.0	1.0	0.25
570.0	141.0	1.0	0.25
571.0	141.0	1.0	0.25
572.0	142.0	1.0	0.25
573.0	142.0	1.0	0.25
574.0	143.0	1.0	0.25
575.0	143.0	1.0	0.25
576.0	144.0	1.0	0.25
577.0	144.0	1.0	0.25
578.0	145.0	1.0	0.25
579.0	145.0	1.0	0.25
580.0	146.0	1.0	0.25
581.0	146.0	1.0	0.25
582.0	147.0	1.0	0.25
583.0	147.0	1.0	0.25
584.0	144.0	1.0	0.25
585.0	144.0	1.0	0.25
586.0	145.0	1.0	0.25
587.0	145.0	1.0	0.25
588.0	146.0	1.0	0.25
589.0	146.0	1.0	0.25
590.0	147.0	1.0	0.25
591.0	147.0	1.0	0.25
592.0	148.0	1.0	0.25
593.0	148.0	1.0	0.25
594.0	149.0	1.0	0.25
595.0	149.0	1.0	0.25
596.0	150.0	1.0	0.25
597.0	150.0	1.0	0.25
598.0	151.0	1.0	0.25
599.0	151.0	1.0	0.25
600.0	148.0	1.0	0.25
601.0	148.0	1.0	0.25
602.0	149.0	1.0	0.25
603.0	149.0	1.0	0.25
604.0	150.0	1.0	0.25
605.0	150.0	1.0	0.25
606.0	151.0	1.0	0.25
607.0	151.0	1.0	0.25
608.0	152.0	1.0	0.25
609.0	152.0	1.0	0.25
610.0	153.0	1.0	0.25
611.0	153.0	1.0	0.25
612.0	154.0	1.0	0.25
613.0	154.0	1.0	0.25
614.0	155.0	1.0	0.25
615.0	155.0	1.0	0.25
616.0	152.0	1.0	0.25
617.0	152.0	1.0	0.25
618.0	153.0	1.0	0.25
619.0	153.0	1.0	0.25
620.0	154.0	1.0	0.25
621.0	154.0	1.0	0.25
622.0	155.0	1.0	0.25
623.0	155.0	1.0	0.25
624.0	156.0	1.0	0.25
625.0	156.0	1.0	0.25
626.0	157.0	1.0	0.25
627.0	157.0	1.0	0.25
628.0	158.0	1.0	0.25
629.0	158.0	1.0	0.25
630.0	159.0	1.0	0.25
631.0	159.0	1.0	0.25
632.0	156.0	1.0	0.25
633.0	156.0	1.0	0.25
634.0	157.0	1.0	0.25
635.0	157.0	1.0	0.25
636.0	158.0	1.0	0.25
637.0	158.0	1.0	0.25
638.0	159.0	1.0	0.25
639.0	159.0	1.0	0.25
640.0	160.0	1.0	0.25
641.0	160.0	1.0	0.25
642.0	161.0	1.0	0.25
643.0	161.0	1.0	0.25
644.0	162.0	1.0	0.25
645.0	162.0	1.0	0.25
646.0	163.0	1.0	0.25
647.0	163.0	1.0	0.25
648.0	160.0	1.0	0.25
649.0	160.0	1.0	0.25
650.0	161.0	1.0	0.25
651.0	161.0	1.0	0.25
652.0	162.0	1.0	0.25
653.0	162.0	1.0	0.25
654.0	163.0	1.0	0.25
655.0	163.0	1.0	0.25
656.0	164.0	1.0	0.25
657.0	164.0	1.0	0.25
658.0	165.0	1.0	0.25
659.0	165.0	1.0	0.25
660.0	166.0	1.0	0.25
661.0	166.0	1.0	0.25
662.0	167.0	1.0	0.25
663.0	167.0	1.0	0.25
664.0	164.0	1.0	0.25
665.0	164.0	1.0	0.25
666.0	165.0	1.0	0.25
667.0	165.0	1.0	0.25
668.0	166.0	1.0	0.25
669.0	166.0	1.0	0.25
670.0	167.0	1.0	0.25
671.0	167.0	1.0	0.25
672.0	168.0	1.0	0.25
673.0	168.0	1.0	0.25
674.0	169.0	1.0	0.25
675.0	169.0	1.0	0.25
676.0	170.0	1.0	0.25
677.0	170.0	1.0	0.25
678.0	171.0	1.0	0.25
679.0	171.0	1.0	0.25
680.0	168.0	1.0	0.25
681.0	168.0	1.0	0.25
682.0	169.0	1.0	0.25
683.0	169.0	1.0	0.25
684.0	170.0	1.0	0.25
685.0	170.0	1.0	0.25
686.0	171.0	1.0	0.25
687.0	171.0	1.0	0.25
688.0	172.0	1.0	0.25
689.0	172.0	1.0	0.25
690.0	173.0	1.0	0.25
691.0	173.0	1.0	0.25
692.0	174.0	1.0	0.25
693.0	174.0	1.0	0.25
694.0	175.0	1.0	0.25
695.0	175.0	1.0	0.25
696.0	172.0	1.0	0.25
697.0	172.0	1.0	0.25
698.0	173.0	1.0	0.25
699.0	173.0	1.0	0.25
700.0	174.0	1.0	0.25
701.0	174.0	1.0	0.25
702.0	175.0	1.0	0.25
703.0	175.0	1.0	0.25
704.0	176.0	1.0	0.25
705.0	176.0	1.0	0.25
706.0	177.0	1.0	0.25
707.0	177.0	1.0	0.25
708.0	178.0	1.0	0.25
709.0	178.0	1.0	0.25
710.0	179.0	1.0	0.25
711.0	179.0	1.0	0.25
712.0	176.0	1.0	0.25
713.0	176.0	1.0	0.25
714.0	177.0	1.0	0.25
715.0	177.0	1.0	0.25
716.0	178.0	1.0	0.25
717.0	178.0	1.0	0.25
718.0	179.0	1.0	0.25
719.0	179.0	1.0	0.25
720.0	180.0	1.0	0.25
721.0	180.0	1.0	0.25
722.0	181.0	1.0	0.25
723.0	181.0	1.0	0.25
724.0	182.0	1.0	0.25
725.0	182.0	1.0	0.25
726.0	183.0	1.0	0.25
727.0	183.0	1.0	0.25
728.0	180.0	1.0	0.25
729.0	180.0	1.0	0.25
730.0	181.0	1.0	0.25
731.0	181.0	1.0	0.25
732.0	182.0	1.0	0.25
733.0	182.0	1.0	0.25
734.0	183.0	1.0	0.25
735.0	183.0	1.0	0.25
736.0	184.0	1.0	0.25
737.0	184.0	1.0	0.25
738.0	185.0	1.0	0.25
739.0	185.0	1.0	0.25
740.0	186.0	1.0	0.25
741.0	186.0	1.0	0.25
742.0	187.0	1.0	0.25
743.0	187.0	1.0	0.25
744.0	184.0	1.0	0.25
745.0	184.0	1.0	0.25
746.0	185.0	1.0	0.25
747.0	185.0	1.0	0.25
748.0	186.0	1.0	0.25
749.0	186.0	1.0	0.25
750.0	187.0	1.0	0.25
751.0	187.0	1.0	0.25
752.0	188.0	1.0	0.25
753.0	188.0	1.0	0.25
754.0	189.0	1.0	0.25
755.0	189.0	1.0	0.25
756.0	190.0	1.0	0.25
757.0	190.0	1.0	0.25
758.0	191.0	1.0	0.25
759.0	191.0	1.0	0.25
760.0	188.0	1.0	0.25
761.0	188.0	1.0	0.25
762.0	189.0	1.0	0.25
763.0	189.0	1.0	0.25
764.0	190.0	1.0	0.25
765.0	190.0	1.0	0.25
766.0	191.0	1.0	0.25
767.0	191.0	1.0	0.25
768.0	192.0	1.0	0.25
769.0	192.0	1.0	0.25
770.0	193.0	1.0	0.25
771.0	193.0	1.0	0.25
772.0	194.0	1.0	0.25
773.0	194.0	1.0	0.25
774.0	195.0	1.0	0.25
775.0	195.0	1.0	0.25
776.0	192.0	1.0	0.25
777.0	192.0	1.0	0.25
778.0	193.0	1.0	0.25
779.0	193.0	1.0	0.25
780.0	194.0	1.0	0.25
781.0	194.0	1.0	0.25
782.0	195.0	1.0	0.25
783.0	195.0	1.0	0.25
784.0	196.0	1.0	0.25
785.0	196.0	1.0	0.25
786.0	197.0	1.0	0.25
787.0	197.0	1.0	0.25
788.0	198.0	1.0	0.25
789.0	198.0	1.0	0.25
790.0	199.0	1.0	0.25
791.0	199.0	1.0	0.25
792.0	196.0	1.0	0.25
793.0	196.0	1.0	0.25
794.0	197.0	1.0	0.25
795.0	197.0	1.0	0.25
796.0	198.0	1.0	0.25
797.0	198.0	1.0	0.25
798.0	199.0	1.0	0.25
799.0	199.0	1.0	0.25
800.0	200.0	1.0	0.25
801.0	200.0	1.0	0.25
802.0	201.0	1.0	0.25
803.0	201.0	1.0	0.25
804.0	202.0	1.0	0.25
805.0	202.0	1.0	0.25
806.0	203.0	1.0	0.25
807.0	203.0	1.0	0.25
808.0	200.0	1.0	0.25
809.0	200.0	1.0	0.25
810.0	201.0	1.0	0.25
811.0	201.0	1.0	0.25
812.0	202.0	1.0	0.25
813.0	202.0	1.0	0.25
814.0	203.0	1.0	0.25
815.0	203.0	1.0	0.25
816.0	204.0	1.0	0.25
817.0	204.0	1.0	0.25
818.0	205.0	1.0	0.25
819.0	205.0	1.0	0.25
820.0	206.0	1.0	0.25
821.0	206.0	1.0	0.25
822.0	207.0	1.0	0.25
823.0	207.0	1.0	0.25
824.0	204.0	1.0	0.25
825.0	204.0	1.0	0.25
826.0	205.0	1.0	0.25
827.0	205.0	1.0	0.25
828.0	206.0	1.0	0.25
829.0	206.0	1.0	0.25
830.0	207.0	1.0	0.25
831.0	207.0	1.0	0.25
832.0	208.0	1.0	0.25
833.0	208.0	1.0	0.25
834.0	209.0	1.0	0.25
835.0	209.0	1.0	0.25
836.0	210.0	1.0	0.25
837.0	210.0	1.0	0.25
838.0	211.0	1.0	0.25
839.0	211.0	1.0	0.25
840.0	208.0	1.0	0.25
841.0	208.0	1.0	0.25
842.0	209.0	1.0	0.25
843.0	209.0	1.0	0.25
844.0	210.0	1.0	0.25
845.0	210.0	1.0	0.25
846.0	211.0	1.0	0.25
847.0	211.0	1.0	0.25
848.0	212.0	1.0	0.25
849.0	212.0	1.0	0.25
850.0	213.0	1.0	0.25
851.0	213.0	1.0	0.25
852.0	214.0	1.0	0.25
853.0	214.0	1.0	0.25
854.0	215.0	1.0	0.25
855.0	215.0	1.0	0.25
856.0	212.0	1.0	0.25
857.0	212.0	1.0	0.25
858.0	213.0	1.0	0.25
859.0	213.0	1.0	0.25
860.0	214.0	1.0	0.25
861.0	214.0	1.0	0.25
862.0	215.0	1.0	0.25
863.0	215.0	1.0	0.25
864.0	216.0	1.0	0.25
865.0	216.0	1.0	0.25
866.0	217.0	1.0	0.25
867.0	217.0	1.0	0.25
868.0	218.0	1.0	0.25
869.0	218.0	1.0	0.25
870.0	219.0	1.0	0.25
871.0	219.0	1.0	0.25
872.0	216.0	1.0	0.25
873.0	216.0	1.0	0.25
874.0	217.0	1.0	0.25
875.0	217.0	1.0	0.25
876.0	218.0	1.0	0.25
877.0	218.0	1.0	0.25
878.0	219.0	1.0	0.25
879.0	219.0	1.0	0.25
880.0	220.0	1.0	0.25
881.0	220.0	1.0	0.25
882.0	221.0	1.0	0.25
883.0	221.0	1.0	0.25
884.0	222.0	1.0	0.25
885.0	222.0	1.0	0.25
886.0	223.0	1.0	0.25
887.0	223.0	1.0	0.25
888.0	220.0	1.0	0.25
889.0	220.0	1.0	0.25
890.0	221.0	1.0	0.25
891.0	221.0	1.0	0.25
892.0	222.0	1.0	0.25
893.0	222.0	1.0	0.25
894.0	223.0	1.0	0.25
895.0	223.0	1.0	0.25
896.0	224.0	1.0	0.25
897.0	224.0	1.0	0.25
898.0	225.0	1.0	0.25
899.0	225.0	1.0	0.25
900.0	226.0	1.0	0.25
901.0	226.0	1.0	0.25
902.0	227.0	1.0	0.25
903.0	227.0	1.0	0.25
904.0	224.0	1.0	0.25
905.0	224.0	1.0	0.25
906.0	225.0	1.0	0.25
907.0	225.0	1.0	0.25
908.0	226.0	1.0	0.25
909.0	226.0	1.0	0.25
910.0	227.0	1.0	0.25
911.0	227.0	1.0	0.25
912.0	228.0	1.0	0.25
913.0	228.0	1.0	0.25
914.0	229.0	1.0	0.25
915.0	229.0	1.0	0.25
916.0	230.0	1.0	0.25
917.0	230.0	1.0	0.25
918.0	231.0	1.0	0.25
919.0	231.0	1.0	0.25
920.0	228.0	1.0	0.25
921.0	228.0	1.0	0.25
922.0	229.0	1.0	0.25
923.0	229.0	1.0	0.25
924.0	230.0	1.0	0.25
925.0	230.0	1.0	0.25
926.0	231.0	1.0	0.25
927.0	231.0	1.0	0.25
928.0	232.0	1.0	0.25
929.0	232.0	1.0	0.25
930.0	233.0	1.0	0.25
931.0	233.0	1.0	0.25
932.0	234.0	1.0	0.25
933.0	234.0	1.0	0.25
934.0	235.0	1.0	0.25
935.0	235.0	1.0	0.25
936.0	232.0	1.0	0.25
937.0	232.0	1.0	0.25
938.0	233.0	1.0	0.25
939.0	233.0	1.0	0.25
940.0	234.0	1.0	0.25
941.0	234.0	1.0	0.25
942.0	235.0	1.0	0.25
943.0	235.0	1.0	0.25
944.0	236.0	1.0	0.25
945.0	236.0	1.0	0.25
946.0	237.0	1.0	0.25
947.0	237.0	1.0	0.25
948.0	238.0	1.0	0.25
949.0	238.0	1.0	0.25
950.0	239.0	1.0	0.25
951.0	239.0	1.0	0.25
952.0	236.0	1.0	0.25
953.0	236.0	1.0	0.25
954.0	237.0	1.0	0.25
955.0	237.0	1.0	0.25
956.0	238.0	1.0	0.25
957.0	238.0	1.0	0.25
958.0	239.0	1.0	0.25
959.0	239.0	1.0	0.25
960.0	240.0	1.0	0.25
961.0	240.0	1.0	0.25
962.0	241.0	1.0	0.25
963.0	241.0	1.0	0.25
964.0	242.0	1.0	0.25
965.0	242.0	1.0	0.25
966.0	243.0	1.0	0.25
967.0	243.0	1.0	0.25
968.0	240.0	1.0	0.25
969.0	240.0	1.0	0.25
970.0	241.0	1.0	0.25
971.0	241.0	1.0	0.25
972.0	242.0	1.0	0.25
973.0	242.0	1.0	0.25
974.0	243.0	1.0	0.25
975.0	243.0	1.0	0.25
976.0	244.0	1.0	0.25
977.0	244.0	1.0	0.25
978.0	245.0	1.0	0.25
979.0	245.0	1.0	0.25
980.0	246.0	1.0	0.25
981.0	246.0	1.0	0.25
982.0	247.0	1.0	0.25
983.0	247.0	1.0	0.25
984.0	244.0	1.0	0.25
985.0	244.0	1.0	0.25
986.0	245.0	1.0	0.25
987.0	245.0	1.0	0.25
988.0	246.0	1.0	0.25
989.0	246.0	1.0	0.25
990.0	247.0	1.0	0.25
991.0	247.0	1.0	0.25
992.0	248.0	1.0	0.25
993.0	248.0	1.0	0.25
994.0	249.0	1.0	0.25
995.0	249.0	1.0	0.25
996.0	250.0	1.0	0.25
997.0	250.0	1.0	0.25
998.0	251.0	1.0	0.25
999.0	251.0	1.0	0.25
1000.0	248.0	1.0	0.25
1001.0	248.0	1.0	0.25
1002.0	249.0	1.0	0.25
1003.0	249.0	1.0	0.25
1004.0	250.0	1.0	0.25
1005.0	250.0	1.0	0.25
1006.0	251.0	1.0	0.25
1007.0	251.0	1.0	0.25
1008.0	252.0	1.0	0.25
1009.0	252.0	1.0	0.25
1010.0	253.0	1.0	0.25
1011.0	253.0	1.0	0.25
1012.0	254.0	1.0	0.25
1013.0	254.0	1.0	0.25
1014.0	255.0	1.0	0.25
1015.0	255.0	1.0	0.25
1016.0	252.0	1.0	0.25
1017.0	252.0	1.0	0.25
1018.0	253.0	1.0	0.25
1019.0	253.0	1.0	0.25
1020.0	254.0	1.0	0.25
1021.0	254.0	1.0	0.25
1022.0	255.0	1.0	0.25
1023.0	255.0	1.0	0.25
