# columns = ['i', 'j', 'delay', 'weight']
0.0	0.0	1.0	0.5985081791877747
0.0	1.0	1.0	-1.0000437498092651
0.0	2.0	1.0	1.1008961200714111
0.0	3.0	1.0	2.9684388637542725
0.0	4.0	1.0	-0.19030483067035675
0.0	5.0	1.0	-0.19415926933288574
0.0	6.0	1.0	-2.688244104385376
0.0	7.0	1.0	0.6857384443283081
0.0	8.0	1.0	-2.0445613861083984
0.0	9.0	1.0	-3.3243355751037598
1.0	0.0	1.0	0.6151419281959534
1.0	1.0	1.0	2.2153427600860596
1.0	2.0	1.0	1.9237995147705078
1.0	3.0	1.0	0.4692328870296478
1.0	4.0	1.0	0.25193384289741516
1.0	5.0	1.0	2.099282741546631
1.0	6.0	1.0	-1.8216526508331299
1.0	7.0	1.0	1.1431615352630615
1.0	8.0	1.0	-1.2263436317443848
1.0	9.0	1.0	0.9718440175056458
2.0	0.0	1.0	-2.8761093616485596
2.0	1.0	1.0	-0.9788528680801392
2.0	2.0	1.0	-1.900611162185669
2.0	3.0	1.0	1.7065801620483398
2.0	4.0	1.0	2.328463315963745
2.0	5.0	1.0	0.10705269873142242
2.0	6.0	1.0	-4.628417491912842
2.0	7.0	1.0	0.8530513644218445
2.0	8.0	1.0	2.2285637855529785
2.0	9.0	1.0	2.339567184448242
3.0	0.0	1.0	-3.9266815185546875
3.0	1.0	1.0	2.3836536407470703
3.0	2.0	1.0	0.8118696212768555
3.0	3.0	1.0	-3.191896915435791
3.0	4.0	1.0	2.6253011226654053
3.0	5.0	1.0	1.8824372291564941
3.0	6.0	1.0	0.7831994891166687
3.0	7.0	1.0	-1.1304433345794678
3.0	8.0	1.0	0.17759674787521362
3.0	9.0	1.0	-2.7508678436279297
4.0	0.0	1.0	-0.7448167204856873
4.0	1.0	1.0	-1.5796029567718506
4.0	2.0	1.0	-0.6428666114807129
4.0	3.0	1.0	-0.8965116739273071
4.0	4.0	1.0	0.3907966911792755
4.0	5.0	1.0	2.5670878887176514
4.0	6.0	1.0	-0.6196426749229431
4.0	7.0	1.0	2.2031145095825195
4.0	8.0	1.0	0.24869589507579803
4.0	9.0	1.0	2.0434250831604004
5.0	0.0	1.0	1.7062830924987793
5.0	1.0	1.0	2.948746681213379
5.0	2.0	1.0	-4.21216344833374
5.0	3.0	1.0	-4.600473403930664
5.0	4.0	1.0	-0.9222012162208557
5.0	5.0	1.0	-2.185741901397705
5.0	6.0	1.0	0.5210179686546326
5.0	7.0	1.0	-1.6467115879058838
5.0	8.0	1.0	-0.18437440693378448
5.0	9.0	1.0	-0.9393103122711182
6.0	0.0	1.0	1.06297767162323
6.0	1.0	1.0	-0.8346221446990967
6.0	2.0	1.0	1.6208785772323608
6.0	3.0	1.0	-1.574075698852539
6.0	4.0	1.0	1.3653662204742432
6.0	5.0	1.0	1.766077995300293
6.0	6.0	1.0	-1.9851789474487305
6.0	7.0	1.0	-0.7071465849876404
6.0	8.0	1.0	0.8596875667572021
6.0	9.0	1.0	-0.6069003343582153
7.0	0.0	1.0	0.5197662115097046
7.0	1.0	1.0	1.1379449367523193
7.0	2.0	1.0	0.32882755994796753
7.0	3.0	1.0	1.8964641094207764
7.0	4.0	1.0	-0.03060135431587696
7.0	5.0	1.0	2.3120768070220947
7.0	6.0	1.0	-2.0689537525177
7.0	7.0	1.0	2.0325424671173096
7.0	8.0	1.0	-2.8598742485046387
7.0	9.0	1.0	0.7861698865890503
8.0	0.0	1.0	0.4565752148628235
8.0	1.0	1.0	0.5715028643608093
8.0	2.0	1.0	-0.6957359313964844
8.0	3.0	1.0	-1.6913658380508423
8.0	4.0	1.0	2.4346184730529785
8.0	5.0	1.0	-2.78287935256958
8.0	6.0	1.0	-0.4981209933757782
8.0	7.0	1.0	-2.6112470626831055
8.0	8.0	1.0	0.713005006313324
8.0	9.0	1.0	-0.2599581778049469
9.0	0.0	1.0	-1.3392038345336914
9.0	1.0	1.0	-2.129877805709839
9.0	2.0	1.0	0.6098234057426453
9.0	3.0	1.0	0.6482812166213989
9.0	4.0	1.0	1.0409886837005615
9.0	5.0	1.0	-0.08585970103740692
9.0	6.0	1.0	-0.3045308589935303
9.0	7.0	1.0	1.8940223455429077
9.0	8.0	1.0	0.6538610458374023
9.0	9.0	1.0	-0.6452724933624268
10.0	0.0	1.0	-3.7312963008880615
10.0	1.0	1.0	2.9122323989868164
10.0	2.0	1.0	-3.297267198562622
10.0	3.0	1.0	-5.775388717651367
10.0	4.0	1.0	2.1752209663391113
10.0	5.0	1.0	-1.2349966764450073
10.0	6.0	1.0	0.566672146320343
10.0	7.0	1.0	1.3794687986373901
10.0	8.0	1.0	-2.8298888206481934
10.0	9.0	1.0	0.9356507062911987
11.0	0.0	1.0	2.248711585998535
11.0	1.0	1.0	-1.6850173473358154
11.0	2.0	1.0	-3.57731556892395
11.0	3.0	1.0	-2.8911921977996826
11.0	4.0	1.0	2.3215408325195312
11.0	5.0	1.0	0.7436705827713013
11.0	6.0	1.0	2.035071611404419
11.0	7.0	1.0	-0.16713155806064606
11.0	8.0	1.0	1.017392873764038
11.0	9.0	1.0	1.9853001832962036
12.0	0.0	1.0	-1.0121564865112305
12.0	1.0	1.0	-3.404069185256958
12.0	2.0	1.0	-2.0173308849334717
12.0	3.0	1.0	-0.31275421380996704
12.0	4.0	1.0	0.5657251477241516
12.0	5.0	1.0	1.686413288116455
12.0	6.0	1.0	1.2767976522445679
12.0	7.0	1.0	-4.74288272857666
12.0	8.0	1.0	-0.35940441489219666
12.0	9.0	1.0	0.2784532904624939
13.0	0.0	1.0	1.3024086952209473
13.0	1.0	1.0	-5.206325531005859
13.0	2.0	1.0	0.30816981196403503
13.0	3.0	1.0	-0.23400340974330902
13.0	4.0	1.0	-2.2744967937469482
13.0	5.0	1.0	1.6507000923156738
13.0	6.0	1.0	0.8446364402770996
13.0	7.0	1.0	-1.410112738609314
13.0	8.0	1.0	-1.4591888189315796
13.0	9.0	1.0	-0.6374480128288269
14.0	0.0	1.0	-2.6225132942199707
14.0	1.0	1.0	1.8210521936416626
14.0	2.0	1.0	2.0173327922821045
14.0	3.0	1.0	1.6874690055847168
14.0	4.0	1.0	1.5249404907226562
14.0	5.0	1.0	-1.4048148393630981
14.0	6.0	1.0	1.2212321758270264
14.0	7.0	1.0	0.5100938081741333
14.0	8.0	1.0	-1.5154218673706055
14.0	9.0	1.0	-3.8797075748443604
15.0	0.0	1.0	-1.3477210998535156
15.0	1.0	1.0	-1.2060452699661255
15.0	2.0	1.0	-0.8598912358283997
15.0	3.0	1.0	-1.2410738468170166
15.0	4.0	1.0	-1.6509337425231934
15.0	5.0	1.0	-0.5698378682136536
15.0	6.0	1.0	-0.37593406438827515
15.0	7.0	1.0	-1.0055686235427856
15.0	8.0	1.0	1.6626538038253784
15.0	9.0	1.0	1.1515172719955444
16.0	0.0	1.0	0.16177740693092346
16.0	1.0	1.0	-0.4212622046470642
16.0	2.0	1.0	0.49987274408340454
16.0	3.0	1.0	1.3552178144454956
16.0	4.0	1.0	-2.3931350708007812
16.0	5.0	1.0	-1.426764965057373
16.0	6.0	1.0	-2.7256007194519043
16.0	7.0	1.0	2.3276076316833496
16.0	8.0	1.0	-0.5252294540405273
16.0	9.0	1.0	-2.662217140197754
17.0	0.0	1.0	-4.022864818572998
17.0	1.0	1.0	2.9669277667999268
17.0	2.0	1.0	-3.6939902305603027
17.0	3.0	1.0	0.342335045337677
17.0	4.0	1.0	1.4767831563949585
17.0	5.0	1.0	-1.6673598289489746
17.0	6.0	1.0	0.20450501143932343
17.0	7.0	1.0	2.2759387493133545
17.0	8.0	1.0	-0.5869462490081787
17.0	9.0	1.0	0.5515882968902588
18.0	0.0	1.0	-3.073992967605591
18.0	1.0	1.0	0.08608826249837875
18.0	2.0	1.0	-1.9557150602340698
18.0	3.0	1.0	0.8333771228790283
18.0	4.0	1.0	-0.7456314563751221
18.0	5.0	1.0	-2.7152903079986572
18.0	6.0	1.0	-4.850717067718506
18.0	7.0	1.0	-2.580796241760254
18.0	8.0	1.0	-3.760122299194336
18.0	9.0	1.0	-0.9902952313423157
19.0	0.0	1.0	-1.389868140220642
19.0	1.0	1.0	0.3935430943965912
19.0	2.0	1.0	-2.3253378868103027
19.0	3.0	1.0	2.3051929473876953
19.0	4.0	1.0	2.4812707901000977
19.0	5.0	1.0	-2.2486813068389893
19.0	6.0	1.0	2.130746364593506
19.0	7.0	1.0	-1.577589750289917
19.0	8.0	1.0	1.8120701313018799
19.0	9.0	1.0	-2.6307613849639893
20.0	0.0	1.0	1.940899133682251
20.0	1.0	1.0	-0.5626930594444275
20.0	2.0	1.0	-1.5928945541381836
20.0	3.0	1.0	2.554934501647949
20.0	4.0	1.0	-4.308262348175049
20.0	5.0	1.0	-1.6908178329467773
20.0	6.0	1.0	0.11581462621688843
20.0	7.0	1.0	0.9720913171768188
20.0	8.0	1.0	2.8528292179107666
20.0	9.0	1.0	1.6299189329147339
21.0	0.0	1.0	-2.1802117824554443
21.0	1.0	1.0	-0.9287272095680237
21.0	2.0	1.0	-2.476809501647949
21.0	3.0	1.0	-1.5669611692428589
21.0	4.0	1.0	0.5327959060668945
21.0	5.0	1.0	2.2450432777404785
21.0	6.0	1.0	0.4443511962890625
21.0	7.0	1.0	-3.998887777328491
21.0	8.0	1.0	1.8865973949432373
21.0	9.0	1.0	0.9516429305076599
22.0	0.0	1.0	0.0372810959815979
22.0	1.0	1.0	3.3758413791656494
22.0	2.0	1.0	-0.4005749225616455
22.0	3.0	1.0	-3.205200433731079
22.0	4.0	1.0	-0.17075826227664948
22.0	5.0	1.0	-1.882619023323059
22.0	6.0	1.0	-4.332620143890381
22.0	7.0	1.0	-2.484753370285034
22.0	8.0	1.0	3.375714063644409
22.0	9.0	1.0	-1.465441107749939
23.0	0.0	1.0	0.7911090850830078
23.0	1.0	1.0	2.510235071182251
23.0	2.0	1.0	-0.6086356043815613
23.0	3.0	1.0	-3.2178640365600586
23.0	4.0	1.0	-0.3877319395542145
23.0	5.0	1.0	-0.783501923084259
23.0	6.0	1.0	-1.8953734636306763
23.0	7.0	1.0	-3.8642418384552
23.0	8.0	1.0	-0.9096059203147888
23.0	9.0	1.0	0.42705607414245605
24.0	0.0	1.0	-4.268581867218018
24.0	1.0	1.0	-2.0130841732025146
24.0	2.0	1.0	-0.3680596649646759
24.0	3.0	1.0	-2.5375773906707764
24.0	4.0	1.0	1.0729947090148926
24.0	5.0	1.0	-3.1119771003723145
24.0	6.0	1.0	-0.1852404773235321
24.0	7.0	1.0	-0.5046184062957764
24.0	8.0	1.0	1.9554448127746582
24.0	9.0	1.0	-0.17280206084251404
25.0	0.0	1.0	2.2333905696868896
25.0	1.0	1.0	-1.2089811563491821
25.0	2.0	1.0	-0.531194806098938
25.0	3.0	1.0	-2.468022584915161
25.0	4.0	1.0	0.6557570099830627
25.0	5.0	1.0	-2.9743435382843018
25.0	6.0	1.0	-0.1256745457649231
25.0	7.0	1.0	-3.5283262729644775
25.0	8.0	1.0	-1.1496654748916626
25.0	9.0	1.0	0.9761407375335693
26.0	0.0	1.0	-4.302443981170654
26.0	1.0	1.0	-1.3049781322479248
26.0	2.0	1.0	-1.727534532546997
26.0	3.0	1.0	-4.134994983673096
26.0	4.0	1.0	0.4427620470523834
26.0	5.0	1.0	-2.8603997230529785
26.0	6.0	1.0	-2.387314558029175
26.0	7.0	1.0	-0.8343554139137268
26.0	8.0	1.0	-0.36006224155426025
26.0	9.0	1.0	0.44231921434402466
27.0	0.0	1.0	-1.408069133758545
27.0	1.0	1.0	-1.7066116333007812
27.0	2.0	1.0	-2.5561647415161133
27.0	3.0	1.0	-1.4691444635391235
27.0	4.0	1.0	1.4266092777252197
27.0	5.0	1.0	2.5667576789855957
27.0	6.0	1.0	-2.6151540279388428
27.0	7.0	1.0	-0.9204022288322449
27.0	8.0	1.0	-1.2012498378753662
27.0	9.0	1.0	1.6386655569076538
28.0	0.0	1.0	-2.806239366531372
28.0	1.0	1.0	-4.776739597320557
28.0	2.0	1.0	-1.067272663116455
28.0	3.0	1.0	1.1963162422180176
28.0	4.0	1.0	0.23920094966888428
28.0	5.0	1.0	1.5245579481124878
28.0	6.0	1.0	-0.036879781633615494
28.0	7.0	1.0	1.3931221961975098
28.0	8.0	1.0	0.6349098086357117
28.0	9.0	1.0	-2.1714649200439453
29.0	0.0	1.0	-0.14491049945354462
29.0	1.0	1.0	-0.9992960691452026
29.0	2.0	1.0	1.3751006126403809
29.0	3.0	1.0	0.6331976056098938
29.0	4.0	1.0	-2.869631290435791
29.0	5.0	1.0	-2.664538860321045
29.0	6.0	1.0	-3.2062926292419434
29.0	7.0	1.0	2.8627185821533203
29.0	8.0	1.0	1.3238519430160522
29.0	9.0	1.0	1.683735966682434
30.0	0.0	1.0	2.046048164367676
30.0	1.0	1.0	2.1478922367095947
30.0	2.0	1.0	-1.7044011354446411
30.0	3.0	1.0	-2.1954402923583984
30.0	4.0	1.0	0.3677738606929779
30.0	5.0	1.0	-0.37242770195007324
30.0	6.0	1.0	2.1901957988739014
30.0	7.0	1.0	0.4771251082420349
30.0	8.0	1.0	0.8722661137580872
30.0	9.0	1.0	-2.080620288848877
31.0	0.0	1.0	1.8752315044403076
31.0	1.0	1.0	-0.25604721903800964
31.0	2.0	1.0	-0.7456852197647095
31.0	3.0	1.0	-2.088595390319824
31.0	4.0	1.0	-1.4597525596618652
31.0	5.0	1.0	-0.6623159646987915
31.0	6.0	1.0	1.3559733629226685
31.0	7.0	1.0	-1.7402633428573608
31.0	8.0	1.0	-0.16480953991413116
31.0	9.0	1.0	-0.40347954630851746
32.0	0.0	1.0	0.6563730239868164
32.0	1.0	1.0	-6.70083475112915
32.0	2.0	1.0	-1.681615948677063
32.0	3.0	1.0	0.7102070450782776
32.0	4.0	1.0	0.31573113799095154
32.0	5.0	1.0	-0.21645812690258026
32.0	6.0	1.0	0.07932905107736588
32.0	7.0	1.0	-3.269040822982788
32.0	8.0	1.0	0.5174455046653748
32.0	9.0	1.0	-1.6941035985946655
33.0	0.0	1.0	2.4756360054016113
33.0	1.0	1.0	1.74134361743927
33.0	2.0	1.0	-1.282962679862976
33.0	3.0	1.0	0.7639461159706116
33.0	4.0	1.0	-0.04535941779613495
33.0	5.0	1.0	-1.3194915056228638
33.0	6.0	1.0	1.2542665004730225
33.0	7.0	1.0	-2.9705114364624023
33.0	8.0	1.0	3.1239264011383057
33.0	9.0	1.0	0.9028047919273376
34.0	0.0	1.0	-0.9281178116798401
34.0	1.0	1.0	0.9173175692558289
34.0	2.0	1.0	-1.6869877576828003
34.0	3.0	1.0	0.7321244478225708
34.0	4.0	1.0	2.951397657394409
34.0	5.0	1.0	-2.1029350757598877
34.0	6.0	1.0	-3.4104535579681396
34.0	7.0	1.0	1.1114147901535034
34.0	8.0	1.0	1.800248146057129
34.0	9.0	1.0	2.6587650775909424
35.0	0.0	1.0	-2.2480854988098145
35.0	1.0	1.0	-5.295993328094482
35.0	2.0	1.0	-2.807370662689209
35.0	3.0	1.0	0.013772389851510525
35.0	4.0	1.0	0.06429103016853333
35.0	5.0	1.0	0.6838616728782654
35.0	6.0	1.0	0.5978944301605225
35.0	7.0	1.0	0.6605883240699768
35.0	8.0	1.0	-0.3018876612186432
35.0	9.0	1.0	1.2717303037643433
36.0	0.0	1.0	0.9958038330078125
36.0	1.0	1.0	0.956597089767456
36.0	2.0	1.0	0.8070204257965088
36.0	3.0	1.0	1.0550975799560547
36.0	4.0	1.0	-1.7720884084701538
36.0	5.0	1.0	2.1269495487213135
36.0	6.0	1.0	0.899198591709137
36.0	7.0	1.0	-0.3264468312263489
36.0	8.0	1.0	1.6810956001281738
36.0	9.0	1.0	-3.123704433441162
37.0	0.0	1.0	-2.1026384830474854
37.0	1.0	1.0	-1.9872002601623535
37.0	2.0	1.0	-0.05033305659890175
37.0	3.0	1.0	-2.8387410640716553
37.0	4.0	1.0	-0.11793896555900574
37.0	5.0	1.0	-2.2930335998535156
37.0	6.0	1.0	1.096798300743103
37.0	7.0	1.0	-2.260033369064331
37.0	8.0	1.0	0.00034807174233719707
37.0	9.0	1.0	-1.4738677740097046
38.0	0.0	1.0	-2.8742780685424805
38.0	1.0	1.0	-1.1948273181915283
38.0	2.0	1.0	1.4571558237075806
38.0	3.0	1.0	-1.2829066514968872
38.0	4.0	1.0	-2.4692773818969727
38.0	5.0	1.0	-1.3733609914779663
38.0	6.0	1.0	0.8721425533294678
38.0	7.0	1.0	0.4218235909938812
38.0	8.0	1.0	2.3977532386779785
38.0	9.0	1.0	-3.0696911811828613
39.0	0.0	1.0	-2.2281405925750732
39.0	1.0	1.0	-2.0534021854400635
39.0	2.0	1.0	0.2407977432012558
39.0	3.0	1.0	-1.097873330116272
39.0	4.0	1.0	-0.6712079048156738
39.0	5.0	1.0	-0.5060032606124878
39.0	6.0	1.0	-3.0693023204803467
39.0	7.0	1.0	-2.065687894821167
39.0	8.0	1.0	0.6787687540054321
39.0	9.0	1.0	0.3122744560241699
40.0	0.0	1.0	1.2832355499267578
40.0	1.0	1.0	-2.885122060775757
40.0	2.0	1.0	-3.386810779571533
40.0	3.0	1.0	-0.37973275780677795
40.0	4.0	1.0	-2.4770569801330566
40.0	5.0	1.0	1.2787318229675293
40.0	6.0	1.0	-0.4790215790271759
40.0	7.0	1.0	-0.04587189108133316
40.0	8.0	1.0	-1.0882192850112915
40.0	9.0	1.0	-1.8972545862197876
41.0	0.0	1.0	-1.1592224836349487
41.0	1.0	1.0	2.2038724422454834
41.0	2.0	1.0	-0.7619956731796265
41.0	3.0	1.0	1.7112233638763428
41.0	4.0	1.0	-2.788776397705078
41.0	5.0	1.0	-0.506095826625824
41.0	6.0	1.0	1.5512880086898804
41.0	7.0	1.0	-2.9703073501586914
41.0	8.0	1.0	-0.16922886669635773
41.0	9.0	1.0	-1.38631010055542
42.0	0.0	1.0	1.7754813432693481
42.0	1.0	1.0	2.5132298469543457
42.0	2.0	1.0	0.4545377790927887
42.0	3.0	1.0	1.5183578729629517
42.0	4.0	1.0	1.2154481410980225
42.0	5.0	1.0	-0.17588655650615692
42.0	6.0	1.0	-4.506685256958008
42.0	7.0	1.0	-0.7270577549934387
42.0	8.0	1.0	-1.4188311100006104
42.0	9.0	1.0	2.482313394546509
43.0	0.0	1.0	-0.16681669652462006
43.0	1.0	1.0	-2.76554536819458
43.0	2.0	1.0	1.399396300315857
43.0	3.0	1.0	-0.9113947749137878
43.0	4.0	1.0	0.6343986988067627
43.0	5.0	1.0	-0.2372611165046692
43.0	6.0	1.0	-3.7439563274383545
43.0	7.0	1.0	1.9643948078155518
43.0	8.0	1.0	-2.3921608924865723
43.0	9.0	1.0	0.8093926310539246
44.0	0.0	1.0	-1.53131103515625
44.0	1.0	1.0	-4.5627970695495605
44.0	2.0	1.0	0.7118275165557861
44.0	3.0	1.0	-1.4015705585479736
44.0	4.0	1.0	0.8735647797584534
44.0	5.0	1.0	-2.38373064994812
44.0	6.0	1.0	-0.4247950613498688
44.0	7.0	1.0	0.9351345300674438
44.0	8.0	1.0	2.0361928939819336
44.0	9.0	1.0	2.6016972064971924
45.0	0.0	1.0	-1.4681591987609863
45.0	1.0	1.0	-5.275657653808594
45.0	2.0	1.0	1.4574389457702637
45.0	3.0	1.0	-3.8156776428222656
45.0	4.0	1.0	0.20513570308685303
45.0	5.0	1.0	-0.5341271758079529
45.0	6.0	1.0	1.4492460489273071
45.0	7.0	1.0	-1.1850848197937012
45.0	8.0	1.0	-2.1390531063079834
45.0	9.0	1.0	1.400790810585022
46.0	0.0	1.0	1.7092127799987793
46.0	1.0	1.0	0.959753692150116
46.0	2.0	1.0	1.0986195802688599
46.0	3.0	1.0	0.20877686142921448
46.0	4.0	1.0	0.14303670823574066
46.0	5.0	1.0	-0.941034734249115
46.0	6.0	1.0	-4.433333873748779
46.0	7.0	1.0	0.6117581725120544
46.0	8.0	1.0	1.9832097291946411
46.0	9.0	1.0	-1.3303736448287964
47.0	0.0	1.0	-1.787549376487732
47.0	1.0	1.0	-0.0032548534218221903
47.0	2.0	1.0	-0.8909227848052979
47.0	3.0	1.0	-0.8998656272888184
47.0	4.0	1.0	1.8957254886627197
47.0	5.0	1.0	0.002784435637295246
47.0	6.0	1.0	-1.7213037014007568
47.0	7.0	1.0	2.2720956802368164
47.0	8.0	1.0	-1.6152349710464478
47.0	9.0	1.0	-0.27183085680007935
48.0	0.0	1.0	2.732245922088623
48.0	1.0	1.0	-1.2649937868118286
48.0	2.0	1.0	-4.2442474365234375
48.0	3.0	1.0	-0.6176639795303345
48.0	4.0	1.0	-2.670846939086914
48.0	5.0	1.0	-0.9229321479797363
48.0	6.0	1.0	0.302034854888916
48.0	7.0	1.0	-1.844577670097351
48.0	8.0	1.0	3.637234926223755
48.0	9.0	1.0	1.6321736574172974
49.0	0.0	1.0	-4.153397083282471
49.0	1.0	1.0	1.7651859521865845
49.0	2.0	1.0	-2.6087026596069336
49.0	3.0	1.0	2.150219440460205
49.0	4.0	1.0	0.5587800741195679
49.0	5.0	1.0	0.5277955532073975
49.0	6.0	1.0	-1.4510992765426636
49.0	7.0	1.0	-1.4491888284683228
49.0	8.0	1.0	-0.3984197974205017
49.0	9.0	1.0	2.3443357944488525
50.0	0.0	1.0	1.1110122203826904
50.0	1.0	1.0	-1.588218092918396
50.0	2.0	1.0	-4.148001670837402
50.0	3.0	1.0	0.13289591670036316
50.0	4.0	1.0	-3.0875940322875977
50.0	5.0	1.0	2.7302417755126953
50.0	6.0	1.0	1.8858721256256104
50.0	7.0	1.0	-1.3032914400100708
50.0	8.0	1.0	-0.5803669691085815
50.0	9.0	1.0	-2.7385568618774414
51.0	0.0	1.0	-3.460883378982544
51.0	1.0	1.0	0.3480776250362396
51.0	2.0	1.0	-2.170516014099121
51.0	3.0	1.0	2.5648229122161865
51.0	4.0	1.0	1.8058632612228394
51.0	5.0	1.0	2.466278314590454
51.0	6.0	1.0	-1.0147300958633423
51.0	7.0	1.0	-3.195120096206665
51.0	8.0	1.0	-1.5778530836105347
51.0	9.0	1.0	1.2286322116851807
52.0	0.0	1.0	1.5522338151931763
52.0	1.0	1.0	1.5278724431991577
52.0	2.0	1.0	1.385703444480896
52.0	3.0	1.0	1.7849761247634888
52.0	4.0	1.0	-1.6678165197372437
52.0	5.0	1.0	-0.28240966796875
52.0	6.0	1.0	-1.2597410678863525
52.0	7.0	1.0	-0.738615095615387
52.0	8.0	1.0	-1.3166420459747314
52.0	9.0	1.0	0.25868889689445496
53.0	0.0	1.0	-1.048409342765808
53.0	1.0	1.0	-2.033391237258911
53.0	2.0	1.0	1.601464867591858
53.0	3.0	1.0	-0.6442027688026428
53.0	4.0	1.0	-0.9602110385894775
53.0	5.0	1.0	0.48774653673171997
53.0	6.0	1.0	-0.25216278433799744
53.0	7.0	1.0	-4.989837169647217
53.0	8.0	1.0	-0.2991989254951477
53.0	9.0	1.0	-1.5815316438674927
54.0	0.0	1.0	1.9672116041183472
54.0	1.0	1.0	1.908095359802246
54.0	2.0	1.0	0.5041584372520447
54.0	3.0	1.0	-0.23661395907402039
54.0	4.0	1.0	-3.987724542617798
54.0	5.0	1.0	0.5018643140792847
54.0	6.0	1.0	-0.9798702597618103
54.0	7.0	1.0	0.0029315303545445204
54.0	8.0	1.0	-0.9880789518356323
54.0	9.0	1.0	-1.1110163927078247
55.0	0.0	1.0	-0.01746268756687641
55.0	1.0	1.0	-2.105804204940796
55.0	2.0	1.0	1.6825158596038818
55.0	3.0	1.0	-1.3204989433288574
55.0	4.0	1.0	0.1406375914812088
55.0	5.0	1.0	-0.8227525353431702
55.0	6.0	1.0	-1.8638792037963867
55.0	7.0	1.0	-0.3964337110519409
55.0	8.0	1.0	0.26990067958831787
55.0	9.0	1.0	0.13868965208530426
56.0	0.0	1.0	-1.5152018070220947
56.0	1.0	1.0	-0.5052635669708252
56.0	2.0	1.0	-2.5372745990753174
56.0	3.0	1.0	-1.3789081573486328
56.0	4.0	1.0	-2.4533815383911133
56.0	5.0	1.0	2.7013823986053467
56.0	6.0	1.0	-1.4633444547653198
56.0	7.0	1.0	0.29574471712112427
56.0	8.0	1.0	-2.2210044860839844
56.0	9.0	1.0	-0.5715060830116272
57.0	0.0	1.0	2.803126096725464
57.0	1.0	1.0	-3.2507858276367188
57.0	2.0	1.0	2.0352554321289062
57.0	3.0	1.0	-2.663898468017578
57.0	4.0	1.0	0.771268367767334
57.0	5.0	1.0	-0.1596551388502121
57.0	6.0	1.0	0.8660780787467957
57.0	7.0	1.0	-0.4468095898628235
57.0	8.0	1.0	1.9134488105773926
57.0	9.0	1.0	-1.4899135828018188
58.0	0.0	1.0	2.69830322265625
58.0	1.0	1.0	-3.7038395404815674
58.0	2.0	1.0	1.6603106260299683
58.0	3.0	1.0	-1.353355884552002
58.0	4.0	1.0	0.2327396273612976
58.0	5.0	1.0	-1.652635931968689
58.0	6.0	1.0	0.20863460004329681
58.0	7.0	1.0	1.7903939485549927
58.0	8.0	1.0	-2.9132442474365234
58.0	9.0	1.0	-2.2267236709594727
59.0	0.0	1.0	-1.519278883934021
59.0	1.0	1.0	0.828585684299469
59.0	2.0	1.0	0.4853840470314026
59.0	3.0	1.0	0.7494733929634094
59.0	4.0	1.0	-5.295111179351807
59.0	5.0	1.0	0.30576229095458984
59.0	6.0	1.0	1.55024254322052
59.0	7.0	1.0	-2.921628713607788
59.0	8.0	1.0	1.0552481412887573
59.0	9.0	1.0	-1.1351687908172607
60.0	0.0	1.0	-2.5119593143463135
60.0	1.0	1.0	2.010127305984497
60.0	2.0	1.0	2.1828207969665527
60.0	3.0	1.0	-0.9255164861679077
60.0	4.0	1.0	-0.6062383651733398
60.0	5.0	1.0	-3.396153211593628
60.0	6.0	1.0	-0.16906239092350006
60.0	7.0	1.0	2.1138784885406494
60.0	8.0	1.0	-0.45658257603645325
60.0	9.0	1.0	0.4930851459503174
61.0	0.0	1.0	-2.083362340927124
61.0	1.0	1.0	2.1239607334136963
61.0	2.0	1.0	2.082648515701294
61.0	3.0	1.0	-2.445786476135254
61.0	4.0	1.0	1.257599949836731
61.0	5.0	1.0	-3.6970179080963135
61.0	6.0	1.0	-2.3854482173919678
61.0	7.0	1.0	1.5936744213104248
61.0	8.0	1.0	1.3104888200759888
61.0	9.0	1.0	-0.888965904712677
62.0	0.0	1.0	1.8604921102523804
62.0	1.0	1.0	-2.3397154808044434
62.0	2.0	1.0	-2.1459848880767822
62.0	3.0	1.0	1.8196629285812378
62.0	4.0	1.0	-2.938318967819214
62.0	5.0	1.0	-2.220381736755371
62.0	6.0	1.0	-0.7925036549568176
62.0	7.0	1.0	0.6516493558883667
62.0	8.0	1.0	-1.7064076662063599
62.0	9.0	1.0	1.8913089036941528
63.0	0.0	1.0	-1.1435296535491943
63.0	1.0	1.0	0.35930880904197693
63.0	2.0	1.0	1.2624338865280151
63.0	3.0	1.0	0.08643687516450882
63.0	4.0	1.0	-3.3976752758026123
63.0	5.0	1.0	-1.9655282497406006
63.0	6.0	1.0	0.6261612772941589
63.0	7.0	1.0	-2.5400402545928955
63.0	8.0	1.0	-0.8760072588920593
63.0	9.0	1.0	0.206040620803833
64.0	0.0	1.0	0.7041999697685242
64.0	1.0	1.0	-2.4979617595672607
64.0	2.0	1.0	-1.3870558738708496
64.0	3.0	1.0	0.030332785099744797
64.0	4.0	1.0	-0.7800101041793823
64.0	5.0	1.0	-0.11097505688667297
64.0	6.0	1.0	-5.180477619171143
64.0	7.0	1.0	-0.8442860245704651
64.0	8.0	1.0	0.8896875977516174
64.0	9.0	1.0	0.44381827116012573
65.0	0.0	1.0	-0.16338302195072174
65.0	1.0	1.0	1.9685747623443604
65.0	2.0	1.0	2.0142879486083984
65.0	3.0	1.0	-2.8952391147613525
65.0	4.0	1.0	-0.45920825004577637
65.0	5.0	1.0	-2.429659128189087
65.0	6.0	1.0	1.7923022508621216
65.0	7.0	1.0	-1.5235670804977417
65.0	8.0	1.0	0.24251222610473633
65.0	9.0	1.0	-1.6804388761520386
66.0	0.0	1.0	0.4093265235424042
66.0	1.0	1.0	-0.34932267665863037
66.0	2.0	1.0	1.469460368156433
66.0	3.0	1.0	0.4984288811683655
66.0	4.0	1.0	-2.732149124145508
66.0	5.0	1.0	1.259897232055664
66.0	6.0	1.0	-1.063621997833252
66.0	7.0	1.0	1.8552916049957275
66.0	8.0	1.0	-2.780064821243286
66.0	9.0	1.0	0.46013009548187256
67.0	0.0	1.0	-0.18603837490081787
67.0	1.0	1.0	-1.1093573570251465
67.0	2.0	1.0	-1.4427454471588135
67.0	3.0	1.0	-0.7021697163581848
67.0	4.0	1.0	2.5621542930603027
67.0	5.0	1.0	-0.03358173742890358
67.0	6.0	1.0	2.5808486938476562
67.0	7.0	1.0	-4.056057453155518
67.0	8.0	1.0	-3.428624153137207
67.0	9.0	1.0	-2.345571994781494
68.0	0.0	1.0	1.6251271963119507
68.0	1.0	1.0	0.339250773191452
68.0	2.0	1.0	1.4823870658874512
68.0	3.0	1.0	-2.3883605003356934
68.0	4.0	1.0	-3.362366199493408
68.0	5.0	1.0	1.5622042417526245
68.0	6.0	1.0	1.6637104749679565
68.0	7.0	1.0	0.9099494218826294
68.0	8.0	1.0	0.0046119242906570435
68.0	9.0	1.0	1.5711289644241333
69.0	0.0	1.0	-2.4695487022399902
69.0	1.0	1.0	-3.9724552631378174
69.0	2.0	1.0	1.718308687210083
69.0	3.0	1.0	1.3030710220336914
69.0	4.0	1.0	1.9186078310012817
69.0	5.0	1.0	2.3393678665161133
69.0	6.0	1.0	-1.2700283527374268
69.0	7.0	1.0	-1.4029690027236938
69.0	8.0	1.0	1.446813702583313
69.0	9.0	1.0	2.0829999446868896
70.0	0.0	1.0	-2.338500499725342
70.0	1.0	1.0	-2.1406471729278564
70.0	2.0	1.0	-1.6675348281860352
70.0	3.0	1.0	-1.480992317199707
70.0	4.0	1.0	-1.9400206804275513
70.0	5.0	1.0	0.482310950756073
70.0	6.0	1.0	-4.238015174865723
70.0	7.0	1.0	-1.5459790229797363
70.0	8.0	1.0	1.3122897148132324
70.0	9.0	1.0	-2.2330262660980225
71.0	0.0	1.0	-2.1443488597869873
71.0	1.0	1.0	0.21627484261989594
71.0	2.0	1.0	-0.8309312462806702
71.0	3.0	1.0	-0.7021488547325134
71.0	4.0	1.0	1.3504458665847778
71.0	5.0	1.0	-0.46537357568740845
71.0	6.0	1.0	1.5130655765533447
71.0	7.0	1.0	-4.577973365783691
71.0	8.0	1.0	1.7534161806106567
71.0	9.0	1.0	-0.1335780918598175
72.0	0.0	1.0	1.226680874824524
72.0	1.0	1.0	1.3771634101867676
72.0	2.0	1.0	1.2249263525009155
72.0	3.0	1.0	-3.507012128829956
72.0	4.0	1.0	1.7184131145477295
72.0	5.0	1.0	0.4861699342727661
72.0	6.0	1.0	1.5305078029632568
72.0	7.0	1.0	0.3894435465335846
72.0	8.0	1.0	-2.44510555267334
72.0	9.0	1.0	-0.3693397641181946
73.0	0.0	1.0	-2.4038782119750977
73.0	1.0	1.0	-1.072170376777649
73.0	2.0	1.0	-1.1948025226593018
73.0	3.0	1.0	0.5208938717842102
73.0	4.0	1.0	2.023736000061035
73.0	5.0	1.0	1.8810354471206665
73.0	6.0	1.0	-3.8193399906158447
73.0	7.0	1.0	3.100182294845581
73.0	8.0	1.0	-0.4003816246986389
73.0	9.0	1.0	2.9666566848754883
74.0	0.0	1.0	-2.7567996978759766
74.0	1.0	1.0	-3.3068888187408447
74.0	2.0	1.0	-4.6764936447143555
74.0	3.0	1.0	-1.5061193704605103
74.0	4.0	1.0	-2.080043077468872
74.0	5.0	1.0	0.659976601600647
74.0	6.0	1.0	1.9719077348709106
74.0	7.0	1.0	-5.0024590492248535
74.0	8.0	1.0	-1.0602842569351196
74.0	9.0	1.0	0.4545484781265259
75.0	0.0	1.0	-1.33321213722229
75.0	1.0	1.0	2.026102304458618
75.0	2.0	1.0	-1.5023034811019897
75.0	3.0	1.0	1.7061823606491089
75.0	4.0	1.0	-3.4450581073760986
75.0	5.0	1.0	2.6434991359710693
75.0	6.0	1.0	-0.3794148564338684
75.0	7.0	1.0	0.8434738516807556
75.0	8.0	1.0	1.454598069190979
75.0	9.0	1.0	1.9655308723449707
76.0	0.0	1.0	2.4196507930755615
76.0	1.0	1.0	1.2553048133850098
76.0	2.0	1.0	0.7280445098876953
76.0	3.0	1.0	-2.5069801807403564
76.0	4.0	1.0	0.49824878573417664
76.0	5.0	1.0	0.951805830001831
76.0	6.0	1.0	1.9646185636520386
76.0	7.0	1.0	1.9684362411499023
76.0	8.0	1.0	-0.7938187122344971
76.0	9.0	1.0	-2.300293445587158
77.0	0.0	1.0	1.21965754032135
77.0	1.0	1.0	-4.688301086425781
77.0	2.0	1.0	2.1028988361358643
77.0	3.0	1.0	1.0381170511245728
77.0	4.0	1.0	0.23323224484920502
77.0	5.0	1.0	-2.105952739715576
77.0	6.0	1.0	-2.0554585456848145
77.0	7.0	1.0	-1.4305418729782104
77.0	8.0	1.0	-0.8757524490356445
77.0	9.0	1.0	-0.18074724078178406
78.0	0.0	1.0	-0.7026816606521606
78.0	1.0	1.0	0.5999341607093811
78.0	2.0	1.0	0.6371356248855591
78.0	3.0	1.0	-0.023510459810495377
78.0	4.0	1.0	-3.646245002746582
78.0	5.0	1.0	1.0597355365753174
78.0	6.0	1.0	-0.33113399147987366
78.0	7.0	1.0	-3.2154765129089355
78.0	8.0	1.0	1.9828592538833618
78.0	9.0	1.0	-2.0789220333099365
79.0	0.0	1.0	-4.536299705505371
79.0	1.0	1.0	-1.0747267007827759
79.0	2.0	1.0	2.517871618270874
79.0	3.0	1.0	3.4250924587249756
79.0	4.0	1.0	0.15956416726112366
79.0	5.0	1.0	-0.46397677063941956
79.0	6.0	1.0	1.032700538635254
79.0	7.0	1.0	0.7244340181350708
79.0	8.0	1.0	3.158416509628296
79.0	9.0	1.0	0.4824269711971283
80.0	0.0	1.0	-2.432497262954712
80.0	1.0	1.0	-1.3558447360992432
80.0	2.0	1.0	1.3956658840179443
80.0	3.0	1.0	0.4130380153656006
80.0	4.0	1.0	0.17436540126800537
80.0	5.0	1.0	-0.9980002641677856
80.0	6.0	1.0	-0.7050563097000122
80.0	7.0	1.0	-1.3607120513916016
80.0	8.0	1.0	-0.13698193430900574
80.0	9.0	1.0	-0.2869539260864258
81.0	0.0	1.0	3.002657651901245
81.0	1.0	1.0	-2.3953299522399902
81.0	2.0	1.0	1.8847107887268066
81.0	3.0	1.0	2.22939395904541
81.0	4.0	1.0	2.415623664855957
81.0	5.0	1.0	2.17238450050354
81.0	6.0	1.0	2.716094732284546
81.0	7.0	1.0	-1.6454596519470215
81.0	8.0	1.0	0.053537800908088684
81.0	9.0	1.0	2.4973597526550293
82.0	0.0	1.0	-1.651692509651184
82.0	1.0	1.0	1.4285846948623657
82.0	2.0	1.0	1.8023478984832764
82.0	3.0	1.0	2.275343179702759
82.0	4.0	1.0	-0.6046239733695984
82.0	5.0	1.0	0.47937047481536865
82.0	6.0	1.0	1.00775945186615
82.0	7.0	1.0	1.7564928531646729
82.0	8.0	1.0	-0.8760253190994263
82.0	9.0	1.0	-4.1485137939453125
83.0	0.0	1.0	0.1464911252260208
83.0	1.0	1.0	-0.4133850932121277
83.0	2.0	1.0	-1.1147174835205078
83.0	3.0	1.0	1.9946670532226562
83.0	4.0	1.0	-0.5998175144195557
83.0	5.0	1.0	-2.042267084121704
83.0	6.0	1.0	2.450321912765503
83.0	7.0	1.0	-1.0733100175857544
83.0	8.0	1.0	-0.7138231992721558
83.0	9.0	1.0	-1.444422960281372
