# columns = ['i', 'j', 'delay', 'weight']
0.0	0.0	1.0	0.31423157453536987
0.0	1.0	1.0	0.42212596535682678
0.0	2.0	1.0	0.069169722497463226
0.0	3.0	1.0	0.069188147783279419
0.0	4.0	1.0	0.31420502066612244
0.0	5.0	1.0	0.069200873374938965
0.0	6.0	1.0	0.08801192045211792
0.0	7.0	1.0	0.069142475724220276
0.0	8.0	1.0	0.069173268973827362
0.0	9.0	1.0	-0.33895564079284668
0.0	10.0	1.0	0.42342457175254822
0.0	11.0	1.0	-0.31543013453483582
0.0	12.0	1.0	0.069142118096351624
0.0	13.0	1.0	0.40892323851585388
0.0	14.0	1.0	0.31429934501647949
0.0	15.0	1.0	-0.15192799270153046
0.0	16.0	1.0	0.0089964186772704124
0.0	17.0	1.0	-0.39737638831138611
0.0	18.0	1.0	0.069162957370281219
0.0	19.0	1.0	0.069167457520961761
1.0	0.0	1.0	0.56451708078384399
1.0	1.0	1.0	0.69411730766296387
1.0	2.0	1.0	-0.18083037436008453
1.0	3.0	1.0	-0.18080165982246399
1.0	4.0	1.0	0.56447291374206543
1.0	5.0	1.0	-0.18078421056270599
1.0	6.0	1.0	-0.33907032012939453
1.0	7.0	1.0	-0.180867999792099
1.0	8.0	1.0	-0.18082188069820404
1.0	9.0	1.0	0.069240190088748932
1.0	10.0	1.0	0.69503068923950195
1.0	11.0	1.0	-0.23335182666778564
1.0	12.0	1.0	-0.18086816370487213
1.0	13.0	1.0	0.6842113733291626
1.0	14.0	1.0	0.5644795298576355
1.0	15.0	1.0	0.0092570167034864426
1.0	16.0	1.0	-0.11521041393280029
1.0	17.0	1.0	-0.30075731873512268
1.0	18.0	1.0	-0.18083956837654114
1.0	19.0	1.0	-0.18083006143569946
2.0	0.0	1.0	-0.24546484649181366
2.0	1.0	1.0	-0.096038341522216797
2.0	2.0	1.0	0.52216136455535889
2.0	3.0	1.0	0.52216643095016479
2.0	4.0	1.0	-0.24549295008182526
2.0	5.0	1.0	0.52217072248458862
2.0	6.0	1.0	-0.23494747281074524
2.0	7.0	1.0	0.52215242385864258
2.0	8.0	1.0	0.52216142416000366
2.0	9.0	1.0	0.19732753932476044
2.0	10.0	1.0	-0.093837372958660126
2.0	11.0	1.0	0.16261576116085052
2.0	12.0	1.0	0.52215224504470825
2.0	13.0	1.0	-0.11765938997268677
2.0	14.0	1.0	-0.24542056024074554
2.0	15.0	1.0	0.36995324492454529
2.0	16.0	1.0	-0.31727024912834167
2.0	17.0	1.0	-0.27538064122200012
2.0	18.0	1.0	0.52215927839279175
2.0	19.0	1.0	0.52216017246246338
3.0	0.0	1.0	-0.56037038564682007
3.0	1.0	1.0	-0.3499663770198822
3.0	2.0	1.0	0.6939396858215332
3.0	3.0	1.0	0.69394159317016602
3.0	4.0	1.0	-0.56041735410690308
3.0	5.0	1.0	0.69394165277481079
3.0	6.0	1.0	-0.20821726322174072
3.0	7.0	1.0	0.6939394474029541
3.0	8.0	1.0	0.69394153356552124
3.0	9.0	1.0	-0.02801813930273056
3.0	10.0	1.0	-0.34717056155204773
3.0	11.0	1.0	0.11513974517583847
3.0	12.0	1.0	0.69393950700759888
3.0	13.0	1.0	-0.37746736407279968
3.0	14.0	1.0	-0.56038957834243774
3.0	15.0	1.0	-0.34236910939216614
3.0	16.0	1.0	0.28636220097541809
3.0	17.0	1.0	-0.043875973671674728
3.0	18.0	1.0	0.69393956661224365
3.0	19.0	1.0	0.69394087791442871
