# columns = ['i', 'j', 'delay', 'weight']
0.0	0.0	1.0	-0.046341586858034134
0.0	1.0	1.0	-0.046341575682163239
0.0	2.0	1.0	0.16533933579921722
0.0	3.0	1.0	-0.18693247437477112
0.0	4.0	1.0	-0.046341601759195328
0.0	5.0	1.0	0.0098484531044960022
0.0	6.0	1.0	0.087825395166873932
0.0	7.0	1.0	-0.046341583132743835
0.0	8.0	1.0	-0.18700459599494934
0.0	9.0	1.0	-0.18699724972248077
1.0	0.0	1.0	-0.00046688134898431599
1.0	1.0	1.0	-0.00046683804248459637
1.0	2.0	1.0	0.12121480703353882
1.0	3.0	1.0	-0.040361993014812469
1.0	4.0	1.0	-0.0004668407782446593
1.0	5.0	1.0	-0.11985243856906891
1.0	6.0	1.0	-0.046945299953222275
1.0	7.0	1.0	-0.00046683225082233548
1.0	8.0	1.0	-0.040470410138368607
1.0	9.0	1.0	-0.0404629185795784
2.0	0.0	1.0	0.12618693709373474
2.0	1.0	1.0	0.12618683278560638
2.0	2.0	1.0	-0.029262429103255272
2.0	3.0	1.0	0.054245501756668091
2.0	4.0	1.0	0.12618686258792877
2.0	5.0	1.0	0.016445457935333252
2.0	6.0	1.0	0.10158128291368484
2.0	7.0	1.0	0.12618683278560638
2.0	8.0	1.0	0.054120048880577087
2.0	9.0	1.0	0.054131936281919479
3.0	0.0	1.0	0.12617962062358856
3.0	1.0	1.0	0.12617965042591095
3.0	2.0	1.0	-0.029253313317894936
3.0	3.0	1.0	0.054243199527263641
3.0	4.0	1.0	0.12617960572242737
3.0	5.0	1.0	-0.10301966220140457
3.0	6.0	1.0	-0.11213238537311554
3.0	7.0	1.0	0.12617968022823334
3.0	8.0	1.0	0.054117728024721146
3.0	9.0	1.0	0.054129593074321747
4.0	0.0	1.0	-0.04635779932141304
4.0	1.0	1.0	-0.046357795596122742
4.0	2.0	1.0	0.16535027325153351
4.0	3.0	1.0	-0.18702511489391327
4.0	4.0	1.0	-0.046357803046703339
4.0	5.0	1.0	0.068461716175079346
4.0	6.0	1.0	-0.086919523775577545
4.0	7.0	1.0	-0.046357814222574234
4.0	8.0	1.0	-0.18709731101989746
4.0	9.0	1.0	-0.1870897114276886
5.0	0.0	1.0	0.12617459893226624
5.0	1.0	1.0	0.12617452442646027
5.0	2.0	1.0	-0.029247811064124107
5.0	3.0	1.0	0.054240752011537552
5.0	4.0	1.0	0.12617459893226624
5.0	5.0	1.0	-0.12341591715812683
5.0	6.0	1.0	-0.035203486680984497
5.0	7.0	1.0	0.12617458403110504
5.0	8.0	1.0	0.05411529541015625
5.0	9.0	1.0	0.05412730947136879
6.0	0.0	1.0	9.9492190967062012e-44
6.0	1.0	1.0	-1.0229478789571165e-43
6.0	2.0	1.0	-9.8090892502737195e-44
6.0	3.0	1.0	4.6073627845790352e-29
6.0	4.0	1.0	9.9492190967062012e-44
6.0	5.0	1.0	0.036903679370880127
6.0	6.0	1.0	0.027907615527510643
6.0	7.0	1.0	9.9492190967062012e-44
6.0	8.0	1.0	4.5363365444111135e-19
6.0	9.0	1.0	1.543299857138985e-27
7.0	0.0	1.0	0.1261974573135376
7.0	1.0	1.0	0.12619751691818237
7.0	2.0	1.0	-0.029274245724081993
7.0	3.0	1.0	0.054250907152891159
7.0	4.0	1.0	0.1261974573135376
7.0	5.0	1.0	0.057520981878042221
7.0	6.0	1.0	-0.089944489300251007
7.0	7.0	1.0	0.12619748711585999
7.0	8.0	1.0	0.054125286638736725
7.0	9.0	1.0	0.054137427359819412
8.0	0.0	1.0	0.12618541717529297
8.0	1.0	1.0	0.12618538737297058
8.0	2.0	1.0	-0.029259651899337769
8.0	3.0	1.0	0.054246105253696442
8.0	4.0	1.0	0.12618538737297058
8.0	5.0	1.0	0.055249273777008057
8.0	6.0	1.0	-0.010625544004142284
8.0	7.0	1.0	0.12618537247180939
8.0	8.0	1.0	0.054120644927024841
8.0	9.0	1.0	0.054132428020238876
9.0	0.0	1.0	-9.9492190967062012e-44
9.0	1.0	1.0	-1.0229478789571165e-43
9.0	2.0	1.0	-9.8090892502737195e-44
9.0	3.0	1.0	1.7005088962674485e-27
9.0	4.0	1.0	9.9492190967062012e-44
9.0	5.0	1.0	-0.11022710055112839
9.0	6.0	1.0	-0.115425705909729
9.0	7.0	1.0	9.9492190967062012e-44
9.0	8.0	1.0	-1.0661680841681999e-19
9.0	9.0	1.0	1.214851860719683e-27
10.0	0.0	1.0	-0.00011485761206131428
10.0	1.0	1.0	-0.00011481691763037816
10.0	2.0	1.0	0.12081941217184067
10.0	3.0	1.0	-0.03982505202293396
10.0	4.0	1.0	-0.00011481888213893399
10.0	5.0	1.0	0.032750882208347321
10.0	6.0	1.0	-0.069811947643756866
10.0	7.0	1.0	-0.00011480993271106854
10.0	8.0	1.0	-0.039933595806360245
10.0	9.0	1.0	-0.039926081895828247
11.0	0.0	1.0	9.9492190967062012e-44
11.0	1.0	1.0	-1.0229478789571165e-43
11.0	2.0	1.0	-9.8090892502737195e-44
11.0	3.0	1.0	-1.2045393725359643e-27
11.0	4.0	1.0	-9.9492190967062012e-44
11.0	5.0	1.0	-0.013642541132867336
11.0	6.0	1.0	-0.090422235429286957
11.0	7.0	1.0	1.0089348943138683e-43
11.0	8.0	1.0	-6.1413724726027489e-19
11.0	9.0	1.0	-3.2542992938135108e-27
12.0	0.0	1.0	0.12619753181934357
12.0	1.0	1.0	0.12619763612747192
12.0	2.0	1.0	-0.02927432581782341
12.0	3.0	1.0	0.054250966757535934
12.0	4.0	1.0	0.12619757652282715
12.0	5.0	1.0	-0.096428759396076202
12.0	6.0	1.0	0.10769353806972504
12.0	7.0	1.0	0.12619756162166595
12.0	8.0	1.0	0.054125327616930008
12.0	9.0	1.0	0.05413750559091568
13.0	0.0	1.0	-0.0041346121579408646
13.0	1.0	1.0	-0.0041345716454088688
13.0	2.0	1.0	0.12528491020202637
13.0	3.0	1.0	-0.046191558241844177
13.0	4.0	1.0	-0.0041345744393765926
13.0	5.0	1.0	-0.094423927366733551
13.0	6.0	1.0	-0.091207034885883331
13.0	7.0	1.0	-0.0041345641948282719
13.0	8.0	1.0	-0.046298786997795105
13.0	9.0	1.0	-0.046291586011648178
14.0	0.0	1.0	-0.046416934579610825
14.0	1.0	1.0	-0.046416949480772018
14.0	2.0	1.0	0.16534711420536041
14.0	3.0	1.0	-0.18719545006752014
14.0	4.0	1.0	-0.046416964381933212
14.0	5.0	1.0	0.10054498165845871
14.0	6.0	1.0	0.0098992912098765373
14.0	7.0	1.0	-0.046416960656642914
14.0	8.0	1.0	-0.18726877868175507
14.0	9.0	1.0	-0.18726111948490143
15.0	0.0	1.0	-9.9492190967062012e-44
15.0	1.0	1.0	-1.0229478789571165e-43
15.0	2.0	1.0	9.8090892502737195e-44
15.0	3.0	1.0	2.6108788402027899e-27
15.0	4.0	1.0	-9.9492190967062012e-44
15.0	5.0	1.0	-0.0033365334384143353
15.0	6.0	1.0	0.089126929640769958
15.0	7.0	1.0	-9.9492190967062012e-44
15.0	8.0	1.0	2.7503217699990011e-19
15.0	9.0	1.0	1.6372407494433667e-27
16.0	0.0	1.0	9.9492190967062012e-44
16.0	1.0	1.0	1.0229478789571165e-43
16.0	2.0	1.0	-9.8090892502737195e-44
16.0	3.0	1.0	2.1953024471748899e-27
16.0	4.0	1.0	-9.9492190967062012e-44
16.0	5.0	1.0	-0.10632175952196121
16.0	6.0	1.0	0.12018287926912308
16.0	7.0	1.0	9.9492190967062012e-44
16.0	8.0	1.0	-5.07599486290742e-19
16.0	9.0	1.0	-1.0392727240026707e-27
17.0	0.0	1.0	-9.9492190967062012e-44
17.0	1.0	1.0	1.0229478789571165e-43
17.0	2.0	1.0	9.8090892502737195e-44
17.0	3.0	1.0	-1.4264152169623722e-28
17.0	4.0	1.0	-9.9492190967062012e-44
17.0	5.0	1.0	-0.10212146490812302
17.0	6.0	1.0	0.097322896122932434
17.0	7.0	1.0	-1.0089348943138683e-43
17.0	8.0	1.0	4.9505141489225399e-19
17.0	9.0	1.0	4.5127546899566069e-27
18.0	0.0	1.0	0.12618929147720337
18.0	1.0	1.0	0.12618933618068695
18.0	2.0	1.0	-0.029265280812978745
18.0	3.0	1.0	0.054246813058853149
18.0	4.0	1.0	0.12618932127952576
18.0	5.0	1.0	-0.047668218612670898
18.0	6.0	1.0	0.020935073494911194
18.0	7.0	1.0	0.12618933618068695
18.0	8.0	1.0	0.054121427237987518
18.0	9.0	1.0	0.05413324385881424
19.0	0.0	1.0	0.12618806958198547
19.0	1.0	1.0	0.12618798017501831
19.0	2.0	1.0	-0.029262276366353035
19.0	3.0	1.0	0.054247193038463593
19.0	4.0	1.0	0.12618803977966309
19.0	5.0	1.0	-0.10508834570646286
19.0	6.0	1.0	-0.015425168909132481
19.0	7.0	1.0	0.12618798017501831
19.0	8.0	1.0	0.0541217140853405
19.0	9.0	1.0	0.054133698344230652
