# columns = ['i', 'j', 'delay', 'weight']
0.0	0.0	1.0	-1.0449769496917725
0.0	1.0	1.0	0.30237278342247009
0.0	2.0	1.0	0.10519790649414062
1.0	0.0	1.0	-1.0449768304824829
1.0	1.0	1.0	0.30237281322479248
1.0	2.0	1.0	0.10519769042730331
2.0	0.0	1.0	0.87561309337615967
2.0	1.0	1.0	-0.72414809465408325
2.0	2.0	1.0	-1.887365460395813
3.0	0.0	1.0	-1.2024931907653809
3.0	1.0	1.0	-1.6873247623443604
3.0	2.0	1.0	1.3939517736434937
4.0	0.0	1.0	-1.0449768304824829
4.0	1.0	1.0	0.30237281322479248
4.0	2.0	1.0	0.1051977127790451
5.0	0.0	1.0	7.1886611219863116e-43
5.0	1.0	1.0	1.0470030837148187e-33
5.0	2.0	1.0	1.807675018979014e-42
6.0	0.0	1.0	7.1886611219863116e-43
6.0	1.0	1.0	1.0802909898807935e-32
6.0	2.0	1.0	-1.7306036034411491e-42
7.0	0.0	1.0	-1.0449768304824829
7.0	1.0	1.0	0.30237290263175964
7.0	2.0	1.0	0.10519769042730331
8.0	0.0	1.0	-1.1940010786056519
8.0	1.0	1.0	-1.6866558790206909
8.0	2.0	1.0	1.3930563926696777
9.0	0.0	1.0	-1.1959505081176758
9.0	1.0	1.0	-1.6895413398742676
9.0	2.0	1.0	1.3951371908187866
